wl (μm) | transit depth: leaf 1 | transit depth error: leaf 1 | transit depth: leaf 2 | transit depth error: leaf 2 | transit depth: leaf 3 | transit depth error: leaf 3 | transit depth: leaf 4 | transit depth error: leaf 4 
5.18742684520717479e+00 1.41591318513083989e-02 5.45722742793485808e-05 1.41009308997918133e-02 3.56394378042173131e-05 1.41681530044372710e-02 3.80688100323193056e-05 1.41435753191907331e-02 4.35570903936420648e-05 
5.45763934774337667e+00 1.44041675012264309e-02 5.09021675505239260e-05 1.44359346596905358e-02 4.99255798762144904e-05 1.43507041929655903e-02 4.29006484084495856e-05 1.43881191369596029e-02 4.74881080633047950e-05 
5.69995077910418058e+00 1.44359429718836779e-02 4.00069229907905642e-05 1.45043691973978667e-02 4.35055625428581457e-05 1.43801419396002664e-02 4.42708570172353305e-05 1.44405766741013807e-02 5.08297932795971191e-05 
5.92156263859017695e+00 1.43495489192830492e-02 4.37681675603886311e-05 1.43473608761905663e-02 5.19514609680261178e-05 1.43749953624773379e-02 4.68785191366608654e-05 1.43797983229975879e-02 5.34735207077355774e-05 
6.12809504879268285e+00 1.42733948559645406e-02 4.11775909888856595e-05 1.43263338867133383e-02 4.47355364921321976e-05 1.42016456049546044e-02 5.04753817690974552e-05 1.42528357678248906e-02 5.49457406812798557e-05 
6.36918447893656037e+00 1.43456442769537892e-02 4.56477377058695343e-05 1.43518469155839937e-02 4.89634037494176731e-05 1.43813318747522401e-02 4.25356804826320265e-05 1.43964834838350882e-02 4.83482615030533477e-05 
6.63839848194455850e+00 1.44164390953942737e-02 4.27765431966409116e-05 1.44251015637827246e-02 4.54646553630364938e-05 1.44452776308692122e-02 4.57717949250504802e-05 1.44533209282794554e-02 5.11368167321286777e-05 
6.88889129995172933e+00 1.46568980739913111e-02 6.19015302885831211e-05 1.46237262462943704e-02 8.94253742226347242e-05 1.46160502646119576e-02 4.95331777184454642e-05 1.46300961660741861e-02 5.63834319454102449e-05 
7.12485594195687977e+00 1.44518874398986905e-02 4.35996944977492948e-05 1.44492777819721641e-02 5.03782098550650587e-05 1.44480470824870626e-02 5.07741895434427889e-05 1.44405979396890830e-02 5.87030712881353851e-05 
7.38545829063687354e+00 1.45341460483279956e-02 5.53870905297176234e-05 1.45511763540161800e-02 6.23132260752132488e-05 1.45357145128176182e-02 4.84666984374043267e-05 1.45607398232425900e-02 5.51713090089270389e-05 
7.63295951071900536e+00 1.44905635017748540e-02 4.88983187306573237e-05 1.44495555308337079e-02 5.73788535529312955e-05 1.44521458114697555e-02 5.90274975477574253e-05 1.44058024521565558e-02 6.76734190734330337e-05 
7.86746318572327574e+00 1.44117894786535434e-02 5.13678967006191779e-05 1.44639882827180734e-02 5.39272305840487901e-05 1.43841455071925649e-02 5.59047224744106859e-05 1.44147519328123204e-02 6.25082107777787539e-05 
8.12234352169883245e+00 1.47357158609238304e-02 6.04418873885603921e-05 1.47383276801813078e-02 7.69914738058128842e-05 1.47127530263598105e-02 5.99000131041506101e-05 1.47460367513109238e-02 6.72004356271522509e-05 
8.39408925153768237e+00 1.47306042407022858e-02 4.67750928526752406e-05 1.46731003658881580e-02 5.63231051333201567e-05 1.47078106324022018e-02 5.74178668638530479e-05 1.47140142883625952e-02 6.48975177326712273e-05 
8.65344120737859868e+00 1.46766497332890059e-02 6.18188632958549381e-05 1.46352879465261217e-02 7.25633791989169799e-05 1.46749891047669497e-02 6.78761430584359728e-05 1.46264111925200439e-02 7.81538163088724082e-05 
8.90186266972692231e+00 1.45540721117258364e-02 5.56912568911820997e-05 1.45362329336479676e-02 6.23133099756039934e-05 1.45462633968523603e-02 6.57275399568910780e-05 1.45412013078458999e-02 7.41453099367282080e-05 
9.14107044292677173e+00 1.46039881458790970e-02 6.70938132120585948e-05 1.47115649170030810e-02 8.43841191505876275e-05 1.46137919114501594e-02 7.77498678087049593e-05 1.47387715995203825e-02 8.92883889031536346e-05 
9.37093942624035847e+00 1.47026690680007090e-02 6.09582550209758755e-05 1.46290810334545780e-02 7.48492068830570193e-05 1.47276210453465839e-02 7.43685967257384464e-05 1.47017886752223315e-02 8.61380200050127366e-05 
9.64050655204388818e+00 1.46147846285666020e-02 6.98547865447729152e-05 1.47107108408824905e-02 7.39935550926716786e-05 1.47058082570746696e-02 7.58680233192714942e-05 1.47692049685114232e-02 8.48975229492509979e-05 
9.89883278195861749e+00 1.46399918906329526e-02 1.03114064745835838e-04 1.45711586198440674e-02 1.09486939700923996e-04 1.47032064940066654e-02 8.87889754706798625e-05 1.46854025870698773e-02 1.05116178496337991e-04 
1.01462696339945353e+01 1.46964196535015797e-02 8.06160472750336077e-05 1.46668517132214557e-02 9.38409123689757757e-05 1.46910138867874240e-02 9.34010473622911273e-05 1.46743954179669421e-02 1.06656796638252493e-04 
1.03844497294414388e+01 1.44405944606920220e-02 9.61588116551196303e-05 1.45102904762292630e-02 1.17786471991033131e-04 1.45138707901790714e-02 1.18399232521189493e-04 1.46175713681388174e-02 1.33925571378542613e-04 
1.06341948786865323e+01 1.43775764587567249e-02 9.67006457422103603e-05 1.45253240252371900e-02 1.34658318328963026e-04 1.44399662953703517e-02 1.17991448631097985e-04 1.45358578546417767e-02 1.38878792272628817e-04 
1.08952608866609282e+01 1.46073124461257569e-02 1.71900930368744424e-04 1.45558158504754676e-02 1.71760329598868430e-04 1.47185262455843732e-02 1.61239374738893513e-04 1.47497160680147288e-02 1.87330050367996378e-04 
1.11282167829523804e+01 1.46645312934795026e-02 1.97501374630758183e-04 1.46918405123857530e-02 2.16253819789506588e-04 1.45211974966610296e-02 1.95078648031350320e-04 1.45450138187874119e-02 2.27577448094258984e-04 
1.13725793685653667e+01 1.44003401971986664e-02 1.69774093375424530e-04 1.45022229315958165e-02 2.00224474058077393e-04 1.46908768323122784e-02 2.00042871334499961e-04 1.47767091894614230e-02 2.41426830445755309e-04 
1.16271207990838654e+01 1.44253233798461653e-02 2.13994804457191411e-04 1.45610445327625185e-02 2.48395000260273841e-04 1.47939308159973811e-02 2.40915467945237701e-04 1.47099582653397471e-02 2.91891190826799526e-04 
1.18731073377081202e+01 1.43371605682356563e-02 2.64098600795376439e-04 1.44811741107606293e-02 3.23562265832526568e-04 1.44465310809518219e-02 3.08530330738566094e-04 1.48420315908284889e-02 3.66882545432773994e-04 
